6.670000000000000284e+01
6.759999999999999432e+01
6.379999999999999716e+01
6.060000000000000142e+01
6.409999999999999432e+01
7.429999999999999716e+01
7.770000000000000284e+01
7.529999999999999716e+01
7.150000000000000000e+01
6.170000000000000284e+01
5.750000000000000000e+01
6.289999999999999858e+01
6.770000000000000284e+01
5.960000000000000142e+01
5.350000000000000000e+01
5.010000000000000142e+01
4.420000000000000284e+01
4.250000000000000000e+01
4.200000000000000000e+01
4.160000000000000142e+01
4.000000000000000000e+01
3.729999999999999716e+01
3.700000000000000000e+01
5.289999999999999858e+01
4.260000000000000142e+01
3.379999999999999716e+01
3.030000000000000071e+01
2.869999999999999929e+01
2.700000000000000000e+01
2.380000000000000071e+01
1.889999999999999858e+01
1.409999999999999964e+01
1.419999999999999929e+01
1.180000000000000071e+01
1.159999999999999964e+01
1.480000000000000071e+01
