2.319999999999999929e+01
2.289999999999999858e+01
2.550000000000000000e+01
2.500000000000000000e+01
2.450000000000000000e+01
2.569999999999999929e+01
2.819999999999999929e+01
2.810000000000000142e+01
2.580000000000000071e+01
3.000000000000000000e+01
2.450000000000000000e+01
2.689999999999999858e+01
2.869999999999999929e+01
2.710000000000000142e+01
2.900000000000000000e+01
3.130000000000000071e+01
2.969999999999999929e+01
2.939999999999999858e+01
3.169999999999999929e+01
3.150000000000000000e+01
3.260000000000000142e+01
3.410000000000000142e+01
3.910000000000000142e+01
3.570000000000000284e+01
3.229999999999999716e+01
3.239999999999999858e+01
3.610000000000000142e+01
3.650000000000000000e+01
3.479999999999999716e+01
3.539999999999999858e+01
7.979999999999999716e+01
8.009999999999999432e+01
4.820000000000000284e+01
4.270000000000000284e+01
3.989999999999999858e+01
3.220000000000000284e+01
2.719999999999999929e+01
2.319999999999999929e+01
2.310000000000000142e+01
2.269999999999999929e+01
2.110000000000000142e+01
2.139999999999999858e+01
2.080000000000000071e+01
2.050000000000000000e+01
2.000000000000000000e+01
1.930000000000000071e+01
1.769999999999999929e+01
1.660000000000000142e+01
1.550000000000000000e+01
1.550000000000000000e+01
1.430000000000000071e+01
1.660000000000000142e+01
1.419999999999999929e+01
1.269999999999999929e+01
1.269999999999999929e+01
1.519999999999999929e+01
1.750000000000000000e+01
1.819999999999999929e+01
1.650000000000000000e+01
1.619999999999999929e+01
1.569999999999999929e+01
1.400000000000000000e+01
1.350000000000000000e+01
1.259999999999999964e+01
1.169999999999999929e+01
1.090000000000000036e+01
1.040000000000000036e+01
1.030000000000000071e+01
1.050000000000000000e+01
1.119999999999999929e+01
1.050000000000000000e+01
1.040000000000000036e+01
1.100000000000000000e+01
1.269999999999999929e+01
1.459999999999999964e+01
1.340000000000000036e+01
1.200000000000000000e+01
1.159999999999999964e+01
1.119999999999999929e+01
1.119999999999999929e+01
