2.780000000000000000e+02
2.450000000000000000e+02
2.340000000000000000e+02
2.170000000000000000e+02
2.210000000000000000e+02
2.520000000000000000e+02
2.900000000000000000e+02
3.100000000000000000e+02
3.490000000000000000e+02
3.600000000000000000e+02
3.720000000000000000e+02
4.600000000000000000e+02
5.310000000000000000e+02
4.080000000000000000e+02
4.070000000000000000e+02
4.630000000000000000e+02
4.770000000000000000e+02
4.820000000000000000e+02
5.040000000000000000e+02
4.670000000000000000e+02
3.840000000000000000e+02
3.600000000000000000e+02
3.500000000000000000e+02
3.480000000000000000e+02
3.380000000000000000e+02
3.330000000000000000e+02
3.090000000000000000e+02
2.950000000000000000e+02
2.980000000000000000e+02
3.080000000000000000e+02
3.270000000000000000e+02
2.940000000000000000e+02
2.800000000000000000e+02
2.840000000000000000e+02
3.200000000000000000e+02
3.110000000000000000e+02
2.520000000000000000e+02
2.200000000000000000e+02
1.890000000000000000e+02
1.810000000000000000e+02
1.870000000000000000e+02
1.850000000000000000e+02
1.630000000000000000e+02
1.600000000000000000e+02
1.600000000000000000e+02
1.590000000000000000e+02
1.560000000000000000e+02
1.590000000000000000e+02
1.500000000000000000e+02
1.390000000000000000e+02
