9.750000000000000000e+01
9.829999999999999716e+01
1.020000000000000000e+02
1.030000000000000000e+02
9.500000000000000000e+01
8.859999999999999432e+01
8.459999999999999432e+01
7.879999999999999716e+01
7.709999999999999432e+01
7.479999999999999716e+01
7.450000000000000000e+01
7.779999999999999716e+01
8.200000000000000000e+01
8.479999999999999716e+01
9.009999999999999432e+01
9.600000000000000000e+01
1.020000000000000000e+02
1.110000000000000000e+02
1.320000000000000000e+02
1.460000000000000000e+02
1.460000000000000000e+02
1.410000000000000000e+02
1.430000000000000000e+02
1.270000000000000000e+02
1.120000000000000000e+02
9.690000000000000568e+01
8.320000000000000284e+01
7.470000000000000284e+01
6.940000000000000568e+01
6.070000000000000284e+01
5.279999999999999716e+01
5.189999999999999858e+01
5.900000000000000000e+01
4.879999999999999716e+01
4.379999999999999716e+01
4.089999999999999858e+01
3.829999999999999716e+01
3.370000000000000284e+01
2.780000000000000071e+01
2.739999999999999858e+01
2.460000000000000142e+01
2.380000000000000071e+01
2.219999999999999929e+01
1.900000000000000000e+01
1.860000000000000142e+01
1.839999999999999858e+01
1.939999999999999858e+01
2.089999999999999858e+01
1.939999999999999858e+01
1.969999999999999929e+01
1.980000000000000071e+01
2.089999999999999858e+01
