5.420000000000000284e+01
6.879999999999999716e+01
9.090000000000000568e+01
1.120000000000000000e+02
1.150000000000000000e+02
1.270000000000000000e+02
1.410000000000000000e+02
1.510000000000000000e+02
1.620000000000000000e+02
1.830000000000000000e+02
1.920000000000000000e+02
2.120000000000000000e+02
2.120000000000000000e+02
2.200000000000000000e+02
2.230000000000000000e+02
2.310000000000000000e+02
2.080000000000000000e+02
2.610000000000000000e+02
2.590000000000000000e+02
2.420000000000000000e+02
2.190000000000000000e+02
2.110000000000000000e+02
2.210000000000000000e+02
2.020000000000000000e+02
1.880000000000000000e+02
1.800000000000000000e+02
2.230000000000000000e+02
2.260000000000000000e+02
1.920000000000000000e+02
2.200000000000000000e+02
2.110000000000000000e+02
2.070000000000000000e+02
2.150000000000000000e+02
2.120000000000000000e+02
2.030000000000000000e+02
2.000000000000000000e+02
2.250000000000000000e+02
2.610000000000000000e+02
2.650000000000000000e+02
2.710000000000000000e+02
2.790000000000000000e+02
2.830000000000000000e+02
3.070000000000000000e+02
3.230000000000000000e+02
3.090000000000000000e+02
2.830000000000000000e+02
2.660000000000000000e+02
2.830000000000000000e+02
2.750000000000000000e+02
2.470000000000000000e+02
2.260000000000000000e+02
2.020000000000000000e+02
1.870000000000000000e+02
1.800000000000000000e+02
1.760000000000000000e+02
1.650000000000000000e+02
1.700000000000000000e+02
1.770000000000000000e+02
1.980000000000000000e+02
2.290000000000000000e+02
2.420000000000000000e+02
2.700000000000000000e+02
2.670000000000000000e+02
2.500000000000000000e+02
2.180000000000000000e+02
2.030000000000000000e+02
2.080000000000000000e+02
2.120000000000000000e+02
2.000000000000000000e+02
1.890000000000000000e+02
1.710000000000000000e+02
1.510000000000000000e+02
1.370000000000000000e+02
1.230000000000000000e+02
1.100000000000000000e+02
1.070000000000000000e+02
1.120000000000000000e+02
1.120000000000000000e+02
1.170000000000000000e+02
1.190000000000000000e+02
1.080000000000000000e+02
9.640000000000000568e+01
8.529999999999999716e+01
8.590000000000000568e+01
8.409999999999999432e+01
