2.873859090909090863e+00
2.773014583333333505e+00
2.781318750000000062e+00
2.694439583333333221e+00
2.477497916666666633e+00
2.384868749999999871e+00
2.296252083333333527e+00
2.256850000000000023e+00
2.310414583333333383e+00
2.447775000000000034e+00
2.647883333333333145e+00
2.839831250000000029e+00
3.051747916666666782e+00
3.179664583333333017e+00
3.397818750000000332e+00
3.970545833333332997e+00
3.513879166666666887e+00
3.566893750000000196e+00
3.757997916666667049e+00
3.906077083333333366e+00
3.813429166666666870e+00
3.727466666666666484e+00
3.585139583333333491e+00
3.411331249999999926e+00
3.346602083333333422e+00
3.638549999999999951e+00
2.900306249999999864e+00
2.732510416666666941e+00
2.614733333333333132e+00
2.504947916666666607e+00
2.416320833333333251e+00
2.416591666666666693e+00
2.296422916666666758e+00
2.215089583333333056e+00
2.156352083333333614e+00
2.101537500000000058e+00
2.045281249999999940e+00
1.989914583333333375e+00
1.912529166666666613e+00
1.867970833333333358e+00
1.819154166666666628e+00
1.777697916666666655e+00
1.740393749999999962e+00
1.711745833333333300e+00
1.676393749999999905e+00
1.682943749999999961e+00
1.655995833333333112e+00
1.637141666666666717e+00
1.603112499999999940e+00
1.577445833333333214e+00
1.544393750000000010e+00
1.532747916666666654e+00
