1.158299999999999885e+00
1.157062500000000105e+00
1.161020833333333391e+00
1.130104166666666687e+00
1.087291666666666545e+00
1.065520833333333250e+00
1.044166666666666687e+00
1.078812499999999952e+00
1.062624999999999931e+00
1.022416666666666751e+00
9.970416666666666039e-01
9.976874999999999494e-01
9.791041666666666643e-01
9.873750000000000027e-01
9.732708333333333073e-01
9.561041666666666439e-01
9.378750000000000142e-01
9.291666666666666963e-01
9.177916666666666723e-01
9.131249999999999645e-01
9.051458333333334272e-01
9.240208333333334023e-01
9.568333333333333135e-01
9.285624999999999574e-01
8.872291666666667354e-01
8.657083333333334130e-01
8.578958333333334130e-01
8.412500000000000533e-01
8.418749999999999289e-01
8.283958333333333313e-01
8.174583333333332869e-01
8.191249999999999920e-01
8.144583333333333952e-01
8.047083333333332478e-01
7.966666666666667451e-01
8.429583333333333650e-01
