4.201624999999999943e+00
3.830708333333333382e+00
3.588604166666666817e+00
3.609645833333333442e+00
4.142875000000000085e+00
4.683229166666666110e+00
4.999562500000000576e+00
5.931375000000000064e+00
7.136083333333332668e+00
7.630395833333333933e+00
7.593958333333333144e+00
7.303875000000000561e+00
6.692520833333333030e+00
6.590562499999999879e+00
7.797020833333333734e+00
9.095208333333333783e+00
9.303874999999999673e+00
8.893520833333333542e+00
8.288458333333332817e+00
7.493354166666666316e+00
7.472229166666665812e+00
7.476645833333333435e+00
7.174020833333333513e+00
6.871145833333333286e+00
6.604229166666666373e+00
6.187125000000000874e+00
5.957416666666667027e+00
5.768916666666666693e+00
5.485312500000000036e+00
5.340145833333333591e+00
5.092916666666666536e+00
5.090666666666666451e+00
5.027854166666666735e+00
5.020750000000000490e+00
5.008916666666666906e+00
4.948270833333332952e+00
4.897854166666666842e+00
4.824520833333333591e+00
4.804854166666666870e+00
4.814479166666666643e+00
4.675020833333333847e+00
4.398958333333333748e+00
4.192416666666666458e+00
4.006124999999999936e+00
3.891770833333333623e+00
3.756208333333333371e+00
3.679479166666666856e+00
3.605437500000000295e+00
3.513937500000000380e+00
3.361416666666666941e+00
