4.654545454545454541e-01
5.541333333333333666e-01
7.247499999999998943e-01
8.216666666666666563e-01
8.942499999999999893e-01
1.101958333333333373e+00
1.355916666666666659e+00
1.669749999999999845e+00
1.984187499999999993e+00
2.350249999999999950e+00
2.753437499999999982e+00
3.302333333333333343e+00
3.701979166666666377e+00
4.121125000000000149e+00
4.514416666666666522e+00
4.527375000000000149e+00
4.254520833333333307e+00
3.872395833333333481e+00
3.716395833333333343e+00
3.665479166666667066e+00
3.692875000000000352e+00
3.573083333333333389e+00
3.315166666666666817e+00
3.145541666666666458e+00
3.012416666666666742e+00
2.851916666666666433e+00
2.711354166666666732e+00
2.575770833333333343e+00
2.422020833333333290e+00
2.454812500000000064e+00
2.533687500000000092e+00
2.756812500000000110e+00
3.074583333333333446e+00
3.258999999999999897e+00
3.308854166666666430e+00
3.587520833333333048e+00
4.169875000000000220e+00
4.807583333333333542e+00
5.072687499999999794e+00
5.136416666666666409e+00
5.202416666666667133e+00
5.266041666666667176e+00
5.270687500000000192e+00
5.095958333333332924e+00
4.794458333333333933e+00
4.530958333333333421e+00
4.353166666666666629e+00
4.178625000000000256e+00
4.169125000000000192e+00
3.855229166666666263e+00
3.606833333333332892e+00
3.439916666666666512e+00
3.212791666666666490e+00
3.165229166666666760e+00
2.954187500000000188e+00
2.852624999999999744e+00
2.794979166666666348e+00
2.803166666666666362e+00
2.805145833333333005e+00
2.791395833333333076e+00
2.778291666666666604e+00
2.767520833333333652e+00
3.055999999999999606e+00
3.009833333333333361e+00
2.816958333333333453e+00
2.715749999999999886e+00
2.642749999999999932e+00
2.582416666666666583e+00
2.528791666666666771e+00
2.515124999999999833e+00
2.461500000000000021e+00
2.416020833333333062e+00
2.494895833333333091e+00
2.364666666666666917e+00
2.284666666666666845e+00
2.230270833333333425e+00
2.183875000000000011e+00
2.114041666666666597e+00
2.067374999999999741e+00
1.985479166666666684e+00
1.964437500000000059e+00
1.892312500000000064e+00
1.859333333333333504e+00
1.834374999999999867e+00
1.831083333333333174e+00
