3.306458333333333610e-01
3.285625000000000351e-01
3.273125000000000062e-01
3.164166666666666794e-01
3.097916666666666319e-01
3.134583333333333388e-01
3.320624999999999827e-01
3.375624999999999876e-01
3.298750000000000293e-01
3.453749999999999876e-01
3.230000000000000093e-01
3.479583333333333695e-01
3.712500000000000244e-01
3.616458333333333885e-01
3.591874999999999929e-01
3.665416666666667100e-01
3.822708333333333375e-01
4.023749999999999827e-01
3.825833333333333308e-01
3.958958333333333357e-01
3.984166666666666412e-01
4.067083333333332829e-01
4.003333333333333743e-01
4.084166666666666501e-01
4.135416666666666963e-01
4.220416666666666483e-01
4.241041666666666710e-01
4.337083333333333623e-01
4.832708333333333162e-01
5.147500000000000409e-01
5.072291666666667309e-01
4.880833333333333690e-01
4.736874999999999836e-01
4.724583333333333690e-01
4.575000000000000178e-01
4.388541666666667118e-01
4.129791666666666750e-01
4.063541666666666274e-01
4.016249999999999543e-01
4.006041666666666501e-01
3.855000000000000093e-01
3.796250000000000457e-01
3.703541666666667065e-01
3.691041666666666221e-01
3.632083333333333552e-01
3.611458333333333326e-01
3.623958333333333059e-01
3.596458333333333868e-01
3.583333333333333370e-01
3.507708333333333095e-01
3.515625000000000000e-01
3.458125000000000226e-01
3.490624999999999978e-01
3.435624999999999929e-01
3.444791666666666696e-01
3.375624999999999876e-01
3.302499999999999880e-01
3.187500000000000333e-01
3.018124999999999836e-01
2.902500000000000080e-01
2.814791666666666692e-01
2.741250000000000075e-01
2.702916666666666523e-01
2.703749999999999765e-01
2.638333333333333086e-01
2.720625000000000404e-01
2.793333333333333224e-01
2.767916666666666581e-01
2.767916666666666581e-01
2.740416666666666834e-01
2.716875000000000262e-01
2.927291666666666514e-01
2.870208333333333361e-01
2.894583333333333175e-01
2.858124999999999694e-01
2.751874999999999738e-01
2.756041666666667056e-01
2.648750000000000271e-01
2.620208333333333139e-01
2.581875000000000142e-01
